<?xml version="1.0"?>
<opencv_storage>
<distCoeffs type_id="opencv-matrix">
  <rows>1</rows>
  <cols>5</cols>
  <dt>f</dt>
  <data>
    -1.23388030e-01 1.51708648e-01 1.80289993e-04 6.48799978e-05
    1.99002791e-02</data></distCoeffs>
</opencv_storage>
