<?xml version="1.0"?>
<opencv_storage>
<perspMat type_id="opencv-matrix">
  <rows>3</rows>
  <cols>3</cols>
  <dt>f</dt>
  <data>
    1.02509904e+00 1.93300098e-02 -1.86606789e+01 9.90770012e-03
    1.01387191e+00 -4.52101755e+00 8.83000030e-06 9.60000034e-06 1.</data></perspMat>
</opencv_storage>
