<?xml version="1.0"?>
<opencv_storage>
<distCoeffs type_id="opencv-matrix">
  <rows>1</rows>
  <cols>5</cols>
  <dt>f</dt>
  <data>
    -4.56444994e-02 -8.39813724e-02 -5.25420008e-04 5.01420000e-04
    3.75093460e-01</data></distCoeffs>
</opencv_storage>
