<?xml version="1.0"?>
<opencv_storage>
<perspMat type_id="opencv-matrix">
  <rows>3</rows>
  <cols>3</cols>
  <dt>f</dt>
  <data>
    1.03192568e+00 -5.33973984e-03 -3.31135826e+01 8.01663008e-03
    1.00661016e+00 -1.06730051e+01 8.68000006e-06 -5.20999993e-06 1.</data></perspMat>
</opencv_storage>
